"","AAL1","AAL2","AAL3","AAL4","AAL5","AAL6","AAL7","AAL8","AAL9","AAL10","AAL11","AAL12","AAL13","AAL14","AAL15","AAL16","AAL17","AAL18","AAL19","AAL20","AAL21","AAL22","AAL23","AAL24","AAL25","AAL26","AAL27","AAL28","AAL29","AAL30","AAL31","AAL32","AAL33","AAL34","AAL35","AAL36","AAL37","AAL38","AAL39","AAL40","AAL41","AAL42","AAL43","AAL44","AAL45","AAL46","AAL47","AAL48","AAL49","AAL50","AAL51","AAL52","AAL53","AAL54","AAL55","AAL56","AAL57","AAL58","AAL59","AAL60","AAL61","AAL62","AAL63","AAL64","AAL65","AAL66","AAL67","AAL68","AAL69","AAL70","AAL71","AAL72","AAL79","AAL80","AAL81","AAL82","AAL83","AAL84","AAL85","AAL86","AAL87","AAL88","AAL89","AAL90","AAL91","AAL92","AAL96","AAL97","AAL98","AAL99","AAL100","AAL111","AAL112"
"AAL1",0.470616577172358,0.412027818221413,0.430342585233295,0.409571189460716,0.429570086798426,0.462350776377993,0.469021174410088,0.423498184588752,0.437086631891985,0.435849891230052,0.462469455278237,0.418943042219131,0.463325640811811,0.414452699098285,0.449585527517519,0.448886179421598,0.454328162906199,0.404970358263139,0.419527658114816,0.462657419380355,0.436007475839587,0.431260637575248,0.405526243070966,0.44258652688455,0.427932748034509,0.41362563882904,0.430474198604417,0.415797894970641,0.445542572923315,0.43601039313193,0.405070430248686,0.410685285588987,0.409734208137164,0.418654588762203,0.432020516544389,0.414025347308831,0.440383107059568,0.4651933890203,0.464662198678303,0.4655345022522,0.446635369929396,0.471202248502935,0.422617049012452,0.448762306210931,0.423140773836623,0.440354529529151,0.450235102824547,0.468753875075848,0.425142675840977,0.432002945739539,0.447662736439036,0.435430869697118,0.4460041003448,0.412492577810756,0.452516340441351,0.445457294824112,0.450625390958567,0.412599683127061,0.432035958911625,0.432958087059227,0.467639998684432,0.422980457610812,0.415866759824558,0.397533056299871,0.467410037550241,0.428619757670703,0.410650992191744,0.418085924766291,0.417968672414414,0.456333660369609,0.406134749770921,0.440881793371098,0.46909668711954,0.381859744605435,0.448671153318309,0.395915629080724,0.443536226957792,0.449534066328875,0.438563162295116,0.399531757621555,0.457306486135583,0.408305340473454,0.426419038063335,0.394584037527313,0.469379874838111,0.421629830031484,0.381456510936666,0.472002706074051,0.45132615027135,0.488101392663942,0.437678987823192,0.378893243009024,0.36868662296161
"AAL2",0.412027818221413,0.465922064731287,0.442201880987718,0.454780996821639,0.43268757776681,0.441215258665936,0.420806351450667,0.464921397360668,0.409870249773204,0.436727661524181,0.419243616705822,0.466157401537162,0.40938036317186,0.46874559934658,0.422310368222873,0.444724224755011,0.429430303266482,0.46511780122267,0.442178645835915,0.399906392419238,0.434871324658597,0.449301920141477,0.434822263151052,0.397577481720356,0.460712470680211,0.412165288561407,0.464936301218248,0.396848188407607,0.432063756769829,0.46615026187543,0.444455979610578,0.391469388311641,0.440048329865402,0.395567779143566,0.460420685234578,0.43202956596367,0.409897590918689,0.422380531125181,0.423168428505671,0.403838019995641,0.421053733505649,0.434484470280519,0.456101739913807,0.414526084036429,0.436703301265076,0.4203761788703,0.440340361522688,0.403791051829663,0.42559677663875,0.462248983983868,0.413915750937213,0.461500096741357,0.397646324864241,0.408305870942316,0.395628308589408,0.416742896070706,0.402787535819813,0.467500737566724,0.429253924090613,0.449430740988735,0.409597391627889,0.467697105453716,0.384220583690718,0.467819736888673,0.415252974609394,0.462216799282863,0.442991348325611,0.391669412638453,0.447666878184169,0.391317990196966,0.438345096997164,0.405570004678424,0.432039103948596,0.46994232390645,0.415109273453969,0.466871302770666,0.398455200082764,0.432113996378886,0.409216748203788,0.469185358535772,0.39042536695751,0.419708542274999,0.380205458188043,0.455397459069025,0.391428355471528,0.436062390662623,0.37907720175432,0.431426426778168,0.394907612059541,0.414796456121284,0.362432955535156,0.465574940090621,0.451289053291391
"AAL3",0.430342585233295,0.442201880987718,0.444694485669853,0.44102409531168,0.436001283532813,0.439782066032748,0.432562464792828,0.439774530125152,0.426229802691335,0.437760684751773,0.42930891620828,0.444061720806666,0.426238075522785,0.445150417077261,0.439196104535721,0.437119348362141,0.433470820112563,0.444645949663328,0.430068229455298,0.429461189843139,0.43622261934954,0.428990076960398,0.424555453883381,0.418137733883587,0.444092451445873,0.400566739295641,0.447371120221467,0.393059800566793,0.436375418535868,0.448196636333107,0.437176726770992,0.395500004252347,0.43696520383608,0.406995572166687,0.443476811600239,0.409761507482457,0.432163543655376,0.436087800929194,0.433291340677112,0.427316613111706,0.43144140684991,0.445125645692585,0.438014424830836,0.420373322313587,0.430576135677197,0.418545203706966,0.439968589580322,0.426080938361985,0.434743775520006,0.448077532891763,0.432317003867879,0.446751192588677,0.430060198795418,0.430488008047217,0.422976587752134,0.437947079860006,0.425788866167616,0.445189400307181,0.439702252315538,0.439282395373396,0.42715907747723,0.446220683883449,0.419712369298318,0.445932618743524,0.431477998894895,0.444573340482463,0.43635034565349,0.401652642298288,0.435760084810982,0.421607128051094,0.439679061684329,0.407700720279371,0.437955014213185,0.443047815811159,0.433723703729248,0.446872740520992,0.42647182858805,0.443775272979244,0.433945614797208,0.448561352059273,0.424580258283805,0.436198715524391,0.423311825617798,0.440654698356282,0.42893632411366,0.436189113292397,0.405573303973375,0.437907692430336,0.420649790938232,0.43370052953014,0.420118858987542,0.432871173788035,0.408221132420429
"AAL4",0.409571189460716,0.454780996821639,0.44102409531168,0.448793624331155,0.429672836342101,0.433089951941336,0.416245339642451,0.451677474176365,0.408958347578212,0.432697427500107,0.414284690343364,0.455708354892903,0.407422886841477,0.457064995213803,0.422816478932998,0.435775661564372,0.422884604924168,0.457454494415031,0.433918581434169,0.403950034400576,0.430700188158895,0.437764872907754,0.428632551944185,0.398180973397098,0.45071001770915,0.402017318017801,0.456199792182323,0.386261081777665,0.428069567888451,0.455598558729459,0.439734479163848,0.386594398400666,0.436875265221498,0.393282871171997,0.44962917462775,0.418097612835672,0.413293331553722,0.420177778378215,0.419426729528134,0.405410838289245,0.418117665095439,0.434231223337813,0.446362017678368,0.40980026963682,0.43037249946235,0.412824202456682,0.435486352977053,0.403077420323807,0.425995496564343,0.454616186751239,0.415423148412924,0.451951266708503,0.40391925374244,0.415454031504573,0.397881493487271,0.419872727582183,0.404216507755782,0.456791654706358,0.430668716528762,0.440696075084238,0.407351013194718,0.457033724849935,0.395150917447978,0.459972479331617,0.412650035262784,0.451513078784276,0.438681405899506,0.388961268844719,0.439437251995162,0.394749500244258,0.435069974512113,0.397522981244276,0.42694421887275,0.462664567037631,0.415835998077597,0.459258279565783,0.404748793277709,0.430931455468374,0.414843884389256,0.461060090710255,0.395039396067883,0.425195543385419,0.393882609874055,0.450201039420834,0.400393791751026,0.433269513176351,0.400243324995758,0.425505042903863,0.396784934708742,0.410973862287742,0.38347855011672,0.453295046931319,0.43731156017183
"AAL5",0.429570086798426,0.43268757776681,0.436001283532813,0.429672836342101,0.430967696351657,0.438042964646715,0.432537760469197,0.432377088856399,0.42085787404224,0.431028118227364,0.428948215792848,0.434291131603477,0.426209612289517,0.435459753357826,0.434052511980337,0.434268097148695,0.431170640029314,0.432911137279821,0.423237342114804,0.429068609279959,0.42846743404001,0.426835889508398,0.416344852398273,0.416187924711855,0.433742743530804,0.401514986077884,0.43826645690265,0.393043628343341,0.431261842185598,0.439779081711243,0.425590849092905,0.394147502295402,0.426874933123573,0.403828068955005,0.43455177821412,0.407491562435775,0.426950407638143,0.434651248741876,0.433124082202708,0.427717047552508,0.426720276422211,0.444754359051193,0.4296885837183,0.420523142337727,0.423001253246318,0.418717523755842,0.435974828269283,0.426810358910473,0.427626540511822,0.439842507983121,0.428253379856615,0.438548448326305,0.425375166601606,0.420037846829764,0.421145105475237,0.432206486508926,0.422646984040181,0.434945364571719,0.431912493012864,0.431463801161692,0.427580922859438,0.437018011841889,0.412230399280478,0.432496877232816,0.430844032578207,0.436203982820587,0.426442543499289,0.399285909308642,0.428482860551585,0.419583353905656,0.425335463102469,0.408973463627427,0.435831876557575,0.428210075669903,0.429601826733903,0.433048023859431,0.422984942575886,0.438028426260109,0.428461280562879,0.435005877780286,0.422859290025217,0.42541331076948,0.4164385199823,0.428508585953651,0.431614103513252,0.428669933224631,0.401570537774751,0.439124000323764,0.419707363293573,0.436820867206749,0.417112086866762,0.416880633099337,0.397540545269724
"AAL6",0.462350776377993,0.441215258665936,0.439782066032748,0.433089951941336,0.438042964646715,0.474735620509564,0.466635247083426,0.454055619679711,0.432753867332023,0.445563505494009,0.461724559920315,0.446671380764227,0.457148171748531,0.444416991232396,0.445388487910348,0.463558297643686,0.459841884292442,0.433652805843709,0.441370017255763,0.447730272215883,0.444443564298584,0.45687342565444,0.425577455559576,0.434385430746763,0.453961195744343,0.430460592558003,0.458384834170373,0.426222884792311,0.452344331670938,0.461696979675175,0.423392329246061,0.415299481969057,0.425136046718963,0.418747680153468,0.456096877422002,0.440024582798661,0.432121112150541,0.460540179140828,0.463650334855684,0.454515136801356,0.447310366967659,0.469309398042068,0.449798134991593,0.451376072914316,0.439441903042317,0.449142301333016,0.460810269779098,0.456989817895735,0.42763993770234,0.453495771272441,0.441822847633273,0.457243656231033,0.4282057541509,0.403471737425594,0.437949573784967,0.438035627447664,0.439768126273569,0.442449571120929,0.433604609864889,0.452182396726582,0.45997530323274,0.45065469309279,0.396212403716396,0.427643151355516,0.462101536678686,0.453882515637326,0.42757832532828,0.417668188994466,0.440975278846147,0.440596687916094,0.419334389611195,0.447939447479079,0.471492397375961,0.413442371821244,0.443235082653048,0.424289337355091,0.428811444629411,0.44901151770793,0.428265723889622,0.428509787774384,0.436454727134766,0.405706322838027,0.401072475801655,0.418095936718979,0.445158625426007,0.435663055557121,0.359373603819805,0.473311414386382,0.439932342344385,0.478292747950567,0.399100036671604,0.424219379026488,0.433831300200227
"AAL7",0.469021174410088,0.420806351450667,0.432562464792828,0.416245339642451,0.432537760469197,0.466635247083426,0.470839488273048,0.433824007096327,0.435840763182863,0.438931073527502,0.46343592167212,0.427528235430447,0.462980773657915,0.423750081783269,0.448304719903504,0.45493525896911,0.457360561244793,0.412682214728983,0.427116485891582,0.459154577468776,0.437918566007062,0.441283479664219,0.412224115927443,0.441282269010809,0.434744046566351,0.421500211725522,0.438701785873712,0.422344515863557,0.447568954239014,0.444281850912399,0.409436828279413,0.414155396589613,0.413988581425047,0.419933551183504,0.439423857486734,0.425253064145473,0.437649579780278,0.464929351223022,0.466367489248352,0.463485374455277,0.446108990211476,0.472235438061008,0.431107091127628,0.452514617130952,0.428268523526185,0.445998044931192,0.454213845305328,0.466728943148161,0.42516202569065,0.438508663919043,0.44608760741871,0.442270489728612,0.440302404851053,0.407698154472348,0.449263540848012,0.442812984123721,0.447986507732127,0.42136433888112,0.431902666088051,0.438743011932277,0.467050074201313,0.431325613998306,0.408492557254952,0.404978352231973,0.46739499716341,0.436081922036027,0.415421080763436,0.419251931862407,0.425179359295828,0.452028797054597,0.407619053010483,0.444661658150403,0.470810567786779,0.389213343867291,0.447114286243762,0.402400674791369,0.439177634363309,0.449256251811141,0.43511912566392,0.406557874815514,0.451378166606377,0.405390544611207,0.417554941385004,0.400410702589534,0.46351818486908,0.424771610151314,0.380102102909692,0.474187771411853,0.448532953356474,0.48766848584429,0.425357775369936,0.392484849593803,0.385649328278426
"AAL8",0.423498184588752,0.464921397360668,0.439774530125152,0.451677474176365,0.432377088856399,0.454055619679711,0.433824007096327,0.471521530453218,0.412124477153101,0.439862087962775,0.430538937041712,0.468848897876353,0.420213694435629,0.468813674100338,0.423652727750986,0.455681604700003,0.438094515804796,0.461596840518698,0.445182960695895,0.404763249733303,0.436247650787022,0.458045190433885,0.434096659227423,0.40226545158887,0.464783242024269,0.422848466295389,0.467920268101811,0.408692392405961,0.437607993979487,0.471394680076151,0.437141660274817,0.397922778253521,0.433448363896134,0.397858203111718,0.466003709567896,0.44151485952597,0.407446918751081,0.433604132649972,0.434947068819618,0.413829057377616,0.424663557392574,0.444325202559005,0.458981980851604,0.428381832067554,0.438859398827884,0.433184972770504,0.446801953091814,0.416041275590661,0.421670548219459,0.465033002185217,0.415608758730739,0.466058719871689,0.394677751396015,0.397405781747388,0.399486365736162,0.415960524704826,0.406956267174637,0.466256717758704,0.42654455984968,0.454394559343962,0.422103920527815,0.469989539250784,0.373331556978098,0.461424145868836,0.426596379655543,0.466778211090216,0.438748666402023,0.396844819747214,0.447666353012705,0.397102302729792,0.428806456937591,0.422726722226525,0.443888684986148,0.459366555149084,0.417201068851549,0.458591147864574,0.39710057205325,0.43441413823952,0.404752237573756,0.461928116448715,0.392922162656379,0.405883713943324,0.36825791168124,0.44597113542236,0.39275123829735,0.434588172448007,0.373194071071338,0.446734541963747,0.399481927458209,0.432445952886619,0.349892975029077,0.457753315868605,0.462061114181993
"AAL9",0.437086631891985,0.409870249773204,0.426229802691335,0.408958347578212,0.42085787404224,0.432753867332023,0.435840763182863,0.412124477153101,0.425076377857216,0.421710301016878,0.432327385206774,0.413620399474863,0.433302026149075,0.412212035758695,0.435696095084607,0.424587024613475,0.430730526342032,0.408819424588139,0.409490681016053,0.437870408084197,0.421347551329745,0.411914621284853,0.40121630882739,0.421007383093687,0.415587641962805,0.390620989329065,0.420141519204158,0.389112629019678,0.426631523516552,0.421707133289516,0.409625487989614,0.391400359067688,0.412425585268268,0.40297633183784,0.416504513604501,0.39512957656113,0.430919890509714,0.436751639486518,0.434762349425952,0.435564320258838,0.427538362204407,0.443367016616408,0.411962129505624,0.419320914321681,0.410451924746399,0.412753425023299,0.429356456440056,0.434670539160803,0.421267697214129,0.422030649129502,0.430994376099949,0.422677861191805,0.433356175178408,0.418735321770627,0.43103758914125,0.434000437248491,0.429410200770036,0.411207337343008,0.426462899450043,0.418179698102063,0.434424744407924,0.415989465412946,0.419873048857526,0.406304810242419,0.436796177736652,0.417865826856362,0.410328223857278,0.39854438507461,0.41146368684883,0.429238377179484,0.41268213311997,0.406577880636542,0.438657807267752,0.399326516856203,0.432487298127503,0.407176633426467,0.429165438931089,0.435367542346555,0.431791150838088,0.409902420613083,0.434916561942172,0.419201590238339,0.427795811351022,0.406282600030494,0.447115049703267,0.416807068308239,0.399463442767561,0.441296890678045,0.428254582566402,0.446966368881316,0.436080357181064,0.382995194582621,0.365640420216296
"AAL10",0.435849891230052,0.436727661524181,0.437760684751773,0.432697427500107,0.431028118227364,0.445563505494009,0.438931073527502,0.439862087962775,0.421710301016878,0.437454577060181,0.435635148621171,0.44040561625652,0.43171567473173,0.439050528190086,0.43571899751062,0.440979192679165,0.437132107724013,0.435494365095367,0.428716985454986,0.430039972973059,0.434514812931501,0.433241946300734,0.419909312843988,0.418476162336577,0.442075081166103,0.407109150294267,0.44647167285675,0.399360061984937,0.436660888073903,0.448029730508946,0.42645193930774,0.397472690761919,0.426339340629829,0.4053520219683,0.441390662041851,0.416126743005391,0.427536919824276,0.438606962801549,0.438482394342428,0.432304331942967,0.430781427927653,0.448767101410157,0.437276981990827,0.425655837584903,0.428350401554005,0.423798795067034,0.442508191297387,0.430790306224052,0.426031146665843,0.446152641383273,0.430387628302886,0.445407174279779,0.424909754708789,0.416143461662094,0.422626693077071,0.431760158406997,0.425301657452912,0.438240098357968,0.432854794522105,0.438068513029651,0.433342707197406,0.442449929819339,0.406241985316571,0.433750577846956,0.43669735774221,0.442998245638599,0.427378513265663,0.402221785796162,0.432147354945455,0.42189452506877,0.425283575233194,0.416304429665066,0.444515583706648,0.427668237140521,0.430947819131923,0.433342287225824,0.42244643126903,0.439254991250239,0.426999491479065,0.435812404345781,0.423309548157849,0.4198842780581,0.411244983377952,0.427591291742521,0.431114966765937,0.429371950278299,0.390684202862299,0.445394296526898,0.420666355445988,0.442673765584228,0.410364984537412,0.424716653678636,0.421798949753907
"AAL11",0.462469455278237,0.419243616705822,0.42930891620828,0.414284690343364,0.428948215792848,0.461724559920315,0.46343592167212,0.430538937041712,0.432327385206774,0.435635148621171,0.45910075183977,0.425199552241955,0.45652922502156,0.421371187973257,0.444262071941072,0.450116536523218,0.45215737120417,0.41120944724414,0.423052544286338,0.452289357402892,0.433908241239517,0.435929587908736,0.409160972476507,0.435478216983674,0.432466228425792,0.415579234587581,0.435093187905104,0.414925235090311,0.444116707695377,0.440305610649768,0.407622821494344,0.408564097921226,0.411379814056669,0.41450232685368,0.435729461676089,0.418632695843841,0.432608575620312,0.460606686330602,0.459922097741873,0.456958720637873,0.442526051976404,0.46573437856568,0.427282627173475,0.445781543930893,0.423915268780271,0.440240515155923,0.44842982868686,0.460923890472751,0.422038043971944,0.435742600575185,0.440877920619099,0.439464178167547,0.435529129374817,0.406526150684425,0.443049515790015,0.439462735768059,0.442493767654907,0.419681203335941,0.428091321888533,0.435259685376994,0.460550784633479,0.428725488283551,0.405727850873143,0.405340873811651,0.461110371393872,0.434504421564969,0.412612360607345,0.414554330718798,0.421971423171484,0.446616515517822,0.406526148727814,0.439670246781761,0.464530315514214,0.390480139761305,0.443048576143548,0.403676855474192,0.433360722991004,0.44550660527149,0.430705872751639,0.407444725237341,0.446031720503179,0.40398424584493,0.41266755060957,0.400127432604974,0.453347936231765,0.421669508760459,0.371202317525879,0.468910543844361,0.440841345603409,0.481284483621342,0.417809879440939,0.389127499888279,0.383151350135368
"AAL12",0.418943042219131,0.466157401537162,0.444061720806666,0.455708354892903,0.434291131603477,0.446671380764227,0.427528235430447,0.468848897876353,0.413620399474863,0.44040561625652,0.425199552241955,0.470585277964651,0.4155451224921,0.469866807987048,0.425690780249269,0.450175881313787,0.434229458044752,0.466470628588275,0.444287162776092,0.402936629864767,0.438618113136906,0.451681117562553,0.435595242140957,0.401225048551261,0.465127209648181,0.415481161027805,0.468178987154019,0.400826856921822,0.43658058234477,0.469983731213057,0.444349734500359,0.394092100196463,0.439331865961344,0.397256182854722,0.465373208845895,0.435265784936205,0.412647371361947,0.428836811913516,0.428992846605574,0.409192213345295,0.423914696211313,0.440679579856628,0.459015086386311,0.420761588521323,0.439910725837125,0.424564696314591,0.445050912489479,0.409527539240299,0.426385263092834,0.465294858607778,0.417265869668796,0.465096328747161,0.400172620302414,0.408743381509074,0.399799252261265,0.419166755054491,0.407357087396578,0.4680971105706,0.431891085845072,0.453821020104355,0.416382692829882,0.47028384514733,0.384691143832382,0.467331361858412,0.421759645719831,0.465520864214612,0.443793660727142,0.394486580330678,0.448611316053113,0.39550114426912,0.439825164594088,0.412247798681276,0.439803404612009,0.468514573888042,0.418318540548988,0.465810975544594,0.401186081442312,0.435288559623988,0.41078261470181,0.46841452632794,0.394043901289452,0.417940923313385,0.380610986487319,0.453960889174718,0.394843677591585,0.438062227756036,0.381127956953419,0.438546447912049,0.399901656721679,0.422323363839899,0.363961057177397,0.462064577357814,0.461822129092394
"AAL13",0.463325640811811,0.40938036317186,0.426238075522785,0.407422886841477,0.426209612289517,0.457148171748531,0.462980773657915,0.420213694435629,0.433302026149075,0.43171567473173,0.45652922502156,0.4155451224921,0.458164284674917,0.411655002984541,0.444667483735025,0.444467627922619,0.4495030215558,0.402907627260504,0.416033398800926,0.457137711095956,0.430795409701607,0.427504809190501,0.403113035504314,0.437800507833736,0.423449812016815,0.410954757403128,0.426126045075429,0.412490362393083,0.440729011312994,0.431540363123106,0.401735548771077,0.407988696962804,0.407598682139903,0.415439851041149,0.427746121339727,0.410693259415252,0.435283078036745,0.460362670460643,0.459690869276163,0.459092954250657,0.441496721615515,0.46516382494176,0.419053425807488,0.44448739135662,0.418514501840993,0.437123600062568,0.44432093747688,0.462768708625359,0.421829920603596,0.428104923080805,0.442334754080487,0.431109102401498,0.440976085044217,0.408783103651323,0.44719619133933,0.441597454091523,0.445016235918648,0.410549192039248,0.427278273189624,0.428293893380239,0.461297539262524,0.419495342065214,0.412901414554595,0.395729293774484,0.46189905083898,0.424769925385088,0.407911337709145,0.414060872706246,0.414744596368807,0.451468025857276,0.402876931245892,0.437579669363167,0.462647559865678,0.380424009186751,0.444312242382383,0.394377701848064,0.437675603767485,0.444715191420182,0.434000789365132,0.397810593345548,0.451550365599684,0.40560509584564,0.42140582164693,0.39269767064902,0.461933622125349,0.418954755684745,0.382588865813263,0.466873769068776,0.445762525686934,0.482963094324468,0.430113462570584,0.380009863804753,0.366505095421972
"AAL14",0.414452699098285,0.46874559934658,0.445150417077261,0.457064995213803,0.435459753357826,0.444416991232396,0.423750081783269,0.468813674100338,0.412212035758695,0.439050528190086,0.421371187973257,0.469866807987048,0.411655002984541,0.474349805171343,0.424785471629942,0.448369525385111,0.430851106504181,0.469339461078329,0.446344758414496,0.401488089714651,0.435336545180382,0.454200427983318,0.438834983782379,0.399467083355548,0.463411514369312,0.417516591131911,0.468304094254185,0.402423757303721,0.434395051537181,0.4696196423322,0.447721494905316,0.395100609800867,0.443291231340139,0.3982808909938,0.463575050305246,0.43435750638475,0.411000534176136,0.425513269746159,0.425424867285357,0.405965227923968,0.422336889595195,0.436534335826557,0.458636314786714,0.418893039376832,0.439705502818645,0.424882108449811,0.443105081857263,0.406336939816715,0.427437765168398,0.465417983635364,0.41578627643474,0.465209438642543,0.397781679988332,0.409779893860376,0.396943484539555,0.418354944294757,0.404767832756579,0.470912679740091,0.431842654742511,0.452261495430331,0.412446057616129,0.471385956250765,0.386073985102069,0.471767135290835,0.418163162440675,0.465911966825046,0.445823854927257,0.394532343129243,0.452803608036679,0.394300851796262,0.441058702288961,0.411222602745953,0.43396654615054,0.471080993713384,0.416809994339132,0.470272320599448,0.399838545195291,0.43536245084154,0.410625364647186,0.472773156625609,0.391420357374257,0.421323260966224,0.380560868556898,0.458363903229048,0.392258878661609,0.438555180939527,0.383988872731225,0.434134139848401,0.395516675084531,0.415839446813612,0.362511511066319,0.465938071183343,0.45557464077973
"AAL15",0.449585527517519,0.422310368222873,0.439196104535721,0.422816478932998,0.434052511980337,0.445388487910348,0.448304719903504,0.423652727750986,0.435696095084607,0.43571899751062,0.444262071941072,0.425690780249269,0.444667483735025,0.424785471629942,0.450428063323052,0.436816000844192,0.442081787263246,0.421529255170028,0.420856961592926,0.450867633224402,0.434876033309725,0.422528777186274,0.413095031257489,0.433150926317379,0.429469617924631,0.399999904724855,0.432760243390963,0.398312799024378,0.43985216027836,0.435414190253942,0.422615137460423,0.401406684387922,0.425523789769646,0.414193317035527,0.43024116762192,0.402652849798837,0.443529936027512,0.449929439789577,0.446688044053092,0.448324192801814,0.439978881351153,0.455909802944421,0.423743983837157,0.430798609629766,0.423457563112343,0.42470479071853,0.441648832091156,0.447929785883795,0.433614898867298,0.435156163991611,0.443971943205561,0.436258834007422,0.447822234867892,0.431782666678348,0.443570993582074,0.447437791190879,0.441914993388603,0.424430416035952,0.439977654482957,0.431107012268549,0.446931730369854,0.428851876293812,0.431864032193789,0.420124103149053,0.449255745219107,0.43102928084301,0.423516417787771,0.410204748385667,0.42441074868827,0.443003193194954,0.426476277329914,0.418086199425288,0.450219509875267,0.411727307302994,0.445421781808561,0.421456318823073,0.442298945658249,0.4491285722057,0.444689567494366,0.423530480648282,0.448563278095763,0.432771806546879,0.441079346354479,0.418979294101783,0.457499563071498,0.429096616086762,0.403144682964951,0.452355964764366,0.439087128679598,0.458252432770807,0.448368887626189,0.398835709834502,0.371760151390059
"AAL16",0.448886179421598,0.444724224755011,0.437119348362141,0.435775661564372,0.434268097148695,0.463558297643686,0.45493525896911,0.455681604700003,0.424587024613475,0.440979192679165,0.450116536523218,0.450175881313787,0.444467627922619,0.448369525385111,0.436816000844192,0.459773064613504,0.450693441992908,0.439107730757247,0.43928849644939,0.433338471738771,0.439532302250877,0.454581105050116,0.425534463473674,0.423982113437514,0.452899825256567,0.426020990762218,0.457565834370354,0.417722682089036,0.445432528965922,0.460731708716369,0.424758098474883,0.408322710794274,0.424792169704435,0.410711451217063,0.456061164571362,0.438420266742852,0.422968439684716,0.451126633646739,0.453475876694829,0.440510987718636,0.437125598882043,0.461072830882704,0.449189173963734,0.44268642882199,0.436084685857745,0.442427141292614,0.454105210722471,0.442904831733248,0.423559274168937,0.453785174705456,0.43262352478102,0.456730531405161,0.417197916740704,0.401482757300095,0.425356373218748,0.430041902327446,0.428518086070215,0.445984194774105,0.429615876515353,0.449278551004122,0.446910340604217,0.452574671010733,0.388665965962754,0.433810874199215,0.450044603851818,0.454208312567086,0.428499717091057,0.410217756932504,0.439181789692203,0.427190535561733,0.41964238825106,0.43872703170347,0.461325994276338,0.423996429478294,0.433836684540055,0.430777107457721,0.418933984934769,0.442160630953729,0.42033784418512,0.434959635010045,0.422378635669304,0.40433178391983,0.391272916605607,0.423731122575475,0.430867722787015,0.43154483636357,0.366430314485596,0.462439078354091,0.426495871091731,0.462194794936922,0.386126156034051,0.428925255121407,0.439274085201197
"AAL17",0.454328162906199,0.429430303266482,0.433470820112563,0.422884604924168,0.431170640029314,0.459841884292442,0.457360561244793,0.438094515804796,0.430730526342032,0.437132107724013,0.45215737120417,0.434229458044752,0.4495030215558,0.430851106504181,0.442081787263246,0.450693441992908,0.453975322671006,0.422569371689071,0.427334664332716,0.446434434618694,0.437468772922409,0.440121124993798,0.41381748370992,0.430734106953954,0.437101597127589,0.416024929613699,0.441570129866691,0.412047299349227,0.441744085496325,0.445672786468854,0.41502541724907,0.407767887612721,0.418469341916861,0.413903810100304,0.440060536879752,0.426483177663512,0.431589763077792,0.453844161854459,0.456636426809748,0.449434906451341,0.440150591959452,0.4623887136212,0.434142435217364,0.442295008817256,0.426265727818685,0.438226168897638,0.448138771725615,0.451656289998342,0.424965397322896,0.441593660841973,0.437781749392676,0.443391004930771,0.43225303573115,0.408478041800791,0.437488878591079,0.437211638397906,0.436903212422043,0.429686164413544,0.430477614866456,0.439044546631487,0.452863870662617,0.438271261397509,0.405308963186439,0.417875600380638,0.453853677037659,0.440169164678523,0.419502597633553,0.410877128570199,0.425757083103609,0.436340558580448,0.411375273261722,0.436645521633083,0.461502024625089,0.409762013595447,0.440149757751818,0.416545520446668,0.429244361046161,0.444865549251421,0.429641396153277,0.420339892846621,0.437932494102403,0.409450628162837,0.410675688895553,0.412167824012856,0.447541092207031,0.42724314358405,0.390723035778493,0.466434405574392,0.437084113036429,0.47249289208966,0.410431556887929,0.406249963805766,0.404679638270975
"AAL18",0.404970358263139,0.46511780122267,0.444645949663328,0.457454494415031,0.432911137279821,0.433652805843709,0.412682214728983,0.461596840518698,0.408819424588139,0.435494365095367,0.41120944724414,0.466470628588275,0.402907627260504,0.469339461078329,0.421529255170028,0.439107730757247,0.422569371689071,0.471097278463603,0.439879957448875,0.395453769742573,0.433713177123236,0.442672544074106,0.435429007033063,0.393891445537127,0.459964624163784,0.404718842150206,0.464257714532542,0.387825501615122,0.429772967700195,0.463690910386394,0.448135462853357,0.386293883504682,0.443661763869366,0.392625745416216,0.458932489368684,0.422478021649941,0.411114296465771,0.417895472722619,0.416578444327622,0.398123390934951,0.417425400141773,0.430988251287072,0.454386997566467,0.407736434771183,0.435942602621081,0.412901752463045,0.436588385028192,0.396281212668634,0.428388896758107,0.461995609685552,0.412552333397902,0.459488567642457,0.398754338257373,0.416964206144942,0.392071644436249,0.418422799175753,0.400078567864179,0.468334288746853,0.432438700774467,0.447533333803802,0.402268221174386,0.466947695810781,0.392063938766216,0.473235089284739,0.409332863782889,0.460574105720563,0.446209584853635,0.387700517023271,0.446922600272898,0.388948860415302,0.444911927693526,0.399588007508424,0.424836252523459,0.476918462688788,0.413684672159538,0.472941062666905,0.39835164785724,0.431529650940426,0.411948539331773,0.47446014691243,0.387666735606222,0.428139194221426,0.387000219635347,0.461358503491729,0.388747063904678,0.43876133700505,0.393817274385269,0.42318515698246,0.39181266776621,0.4037268359738,0.370402025305665,0.467187922295075,0.464684635944527
"AAL19",0.419527658114816,0.442178645835915,0.430068229455298,0.433918581434169,0.423237342114804,0.441370017255763,0.427116485891582,0.445182960695895,0.409490681016053,0.428716985454986,0.423052544286338,0.444287162776092,0.416033398800926,0.446344758414496,0.420856961592926,0.43928849644939,0.427334664332716,0.439879957448875,0.429968674506159,0.40898742085017,0.425133997267967,0.43916447529562,0.420091723707411,0.402492705735865,0.442498966066727,0.409976437947562,0.446813348917382,0.399307899458602,0.427403957315834,0.449668335994715,0.424042299388806,0.391833902452657,0.423800772677877,0.395459330700276,0.443375176139705,0.419415470875354,0.405959893421358,0.427863998575587,0.427048251399019,0.414227930805063,0.417781867800696,0.437042053940753,0.437953064521752,0.420608270779655,0.424022189645114,0.422678328188903,0.433146222158528,0.416183230671856,0.415628129461486,0.445304130707254,0.413557884961158,0.446448974183007,0.400655736765357,0.399667500453158,0.401769966211123,0.41621704020803,0.407766261056061,0.443790582382353,0.420288561521721,0.435796940106007,0.418584153419222,0.44694357076399,0.384063179411794,0.440286878751605,0.422246121857983,0.44530084981951,0.425064994210884,0.393002613208077,0.433554965868415,0.402432934183596,0.418596507646057,0.413830961701109,0.431960188293053,0.433445166192181,0.415688095841791,0.438475989955552,0.40040261143446,0.429587011448011,0.406859399267549,0.441190224074227,0.399220915596152,0.405340709087041,0.380509943794987,0.428849007510052,0.399328979682879,0.423022911349763,0.379404461606193,0.435350761112676,0.400076173183927,0.428568337436665,0.368913843191956,0.432708166525221,0.419367572414447
"AAL20",0.462657419380355,0.399906392419238,0.429461189843139,0.403950034400576,0.429068609279959,0.447730272215883,0.459154577468776,0.404763249733303,0.437870408084197,0.430039972973059,0.452289357402892,0.402936629864767,0.457137711095956,0.401488089714651,0.450867633224402,0.433338471738771,0.446434434618694,0.395453769742573,0.40898742085017,0.470135885126698,0.431427420708552,0.412311666836949,0.399506451059817,0.44468740070603,0.412874152757589,0.398404076590439,0.416845250941027,0.401954030467676,0.437979674404421,0.420499172964244,0.404191951422206,0.406048375798709,0.411674749198214,0.420776231205694,0.415400407431906,0.397359534399292,0.44841144610254,0.455991332600151,0.456615691895254,0.463237488140414,0.443597441727257,0.463214765416522,0.410242435130336,0.437371633264973,0.414535097493794,0.427562398828368,0.440989087345433,0.464514056331474,0.428881568506016,0.419336627128938,0.449603988389161,0.420879697130541,0.457465561919726,0.425923723564721,0.457449228164094,0.451554403811236,0.451757623864813,0.401739584684206,0.434597689531227,0.420125365403429,0.460150009560439,0.40915353525315,0.435444170905228,0.390450527796645,0.459505340323767,0.413578068198045,0.408207177609774,0.415057700516867,0.409379576836998,0.460655023786969,0.410228034752698,0.425354852890782,0.456416896469441,0.376925787055998,0.451405577054633,0.390857695920613,0.452425948942357,0.448471169705446,0.44944504711815,0.393795008636528,0.464472534286195,0.423640795017908,0.450384968991248,0.393422280366371,0.481021549866843,0.420391051631362,0.401667874160767,0.459345757932917,0.455069838370812,0.477411135750181,0.466947164136361,0.37268172686013,0.335513126334541
"AAL21",0.436007475839587,0.434871324658597,0.43622261934954,0.430700188158895,0.42846743404001,0.444443564298584,0.437918566007062,0.436247650787022,0.421347551329745,0.434514812931501,0.433908241239517,0.438618113136906,0.430795409701607,0.435336545180382,0.434876033309725,0.439532302250877,0.437468772922409,0.433713177123236,0.425133997267967,0.431427420708552,0.443044982086817,0.432276559440522,0.41576565006033,0.418251768924339,0.439502511326968,0.403269423572657,0.44379671949239,0.393615780117702,0.434653220465386,0.446194742241943,0.424206278835177,0.394565167922059,0.425081107918774,0.404310433879566,0.4409761788472,0.415088640967446,0.428584548631068,0.437183747017666,0.439335197694358,0.432109538097961,0.432962824654383,0.450333142578476,0.435418673242722,0.423477501749589,0.426473510777109,0.420547214627871,0.44213917131889,0.430662763134634,0.426685635381151,0.443712539066936,0.430483882363537,0.44280946089443,0.426547198958762,0.417141811216153,0.423159996117919,0.432020705004814,0.425591578710291,0.435507432696097,0.432221222328858,0.43709677405075,0.432820634732682,0.440667871048866,0.407208617152318,0.431558840235117,0.435567779976002,0.43984865992605,0.425784002771831,0.398997920955813,0.426063780060666,0.421065495603245,0.421683739287034,0.414488230495227,0.447334335075204,0.428470171383696,0.431270617871881,0.430212075313513,0.423330041524068,0.438650378771406,0.427416715591364,0.433396891302504,0.423943533157491,0.420048701436817,0.41281452042822,0.425698409037986,0.433683166892944,0.427539981857555,0.396572776223746,0.445856026613465,0.423823615750822,0.444834987346397,0.412635168027575,0.425531283353947,0.412795075120121
"AAL22",0.431260637575248,0.449301920141477,0.428990076960398,0.437764872907754,0.426835889508398,0.45687342565444,0.441283479664219,0.458045190433885,0.411914621284853,0.433241946300734,0.435929587908736,0.451681117562553,0.427504809190501,0.454200427983318,0.422528777186274,0.454581105050116,0.440121124993798,0.442672544074106,0.43916447529562,0.412311666836949,0.432276559440522,0.466449033124855,0.427008457643894,0.408692271072647,0.451791550303808,0.428489659776432,0.458254752867392,0.418741425734903,0.435739761853332,0.461660364742215,0.424291656983912,0.403422231052916,0.425240819112981,0.402417095483491,0.456147165330937,0.439130255282931,0.403860060093413,0.437582928325716,0.440285786150073,0.421893372965055,0.423506743067997,0.447910805733727,0.450220836281171,0.435030044612022,0.432278156356174,0.439374862504024,0.443918860035399,0.426913080749366,0.414476290035989,0.451698532841725,0.415772691348682,0.455497252061159,0.396209604698322,0.388280980602006,0.405228429561001,0.415162696005201,0.411626162372543,0.450323576255318,0.416425677529364,0.446504177403934,0.430419922228129,0.455220482961861,0.370984963864715,0.439176667546085,0.434619822182554,0.45448498815695,0.427209577288345,0.400213217387222,0.442693088483683,0.408911770597483,0.416321783103464,0.434374602513804,0.44719266834601,0.427677976714422,0.41910671744112,0.435753817353916,0.396816874130754,0.431688468402307,0.401416752942576,0.439617140400059,0.399977887436256,0.392807400643573,0.364363470274492,0.426345451847464,0.39950189160464,0.425716063317458,0.352125228867258,0.449548164389298,0.408371516897918,0.445001367822541,0.347411952178481,0.441981445179285,0.445200217254444
"AAL23",0.405526243070966,0.434822263151052,0.424555453883381,0.428632551944185,0.416344852398273,0.425577455559576,0.412224115927443,0.434096659227423,0.40121630882739,0.419909312843988,0.409160972476507,0.435595242140957,0.403113035504314,0.438834983782379,0.413095031257489,0.425534463473674,0.41381748370992,0.435429007033063,0.420091723707411,0.399506451059817,0.41576565006033,0.427008457643894,0.415009884705194,0.392766002353364,0.432506002210779,0.396226472373539,0.43747034398623,0.384633588416438,0.417909962764034,0.43901435389577,0.420769393179134,0.381627229788772,0.420612134861579,0.386835631263024,0.432524503212992,0.405494610417213,0.4009225735278,0.415986490853347,0.413166823461854,0.401832532958948,0.40772643787428,0.424766131393169,0.428618743193869,0.405934680025764,0.415466954808066,0.408745482315814,0.422458626572621,0.402595363392641,0.411391746432103,0.43688974582649,0.405683231090501,0.436476283845118,0.39490976464785,0.400054013615021,0.392280816077898,0.410321088932122,0.398406796109768,0.436895763066845,0.415545927444509,0.425299523690686,0.404450168308749,0.437933562429654,0.384899342470143,0.437442296609018,0.408509574198541,0.434985504097682,0.420744275833488,0.383669338869351,0.42603353455108,0.393275737863174,0.415551580692431,0.397010394981481,0.417310383024431,0.432799045784566,0.407526147848928,0.436093337562969,0.395011771968055,0.421332923639771,0.40297608603006,0.438108007040795,0.391406880819289,0.40693010934418,0.381397991314136,0.427380776297001,0.39207709335274,0.416976460218793,0.383611414659223,0.419453438257023,0.389591405020078,0.410443114914045,0.371909167225517,0.428282121020576,0.412920275902233
